1.2558733820915222
1.2719156742095947
1.2174286544322968
1.2601567804813385
1.3309900760650635
1.2453621625900269
1.3919316530227661
1.3941698670387268
1.3297068178653717
1.420078843832016
1.2579418122768402
1.266106277704239
1.1730846762657166
1.2159193754196167
1.0915341675281525
1.2121963798999786
1.1997076570987701
1.1134384274482727
1.0493155717849731
1.0580693185329437
1.043815702199936
1.0966160595417023
1.0473842918872833
1.1495034098625183
1.114082783460617
1.0089983940124512
1.0804323256015778
0.9925924837589264
1.0812335908412933
1.0295902490615845
1.1027989089488983
1.0033946335315704
1.08481103181839
1.0777837336063385
1.1650011241436005
1.0272560119628906
1.0425157248973846
0.9147230386734009
0.9611631631851196
0.9146168231964111
1.0130445063114166
0.8925246298313141
1.0261878669261932
0.9613239169120789
0.9183833599090576
0.8897739350795746
0.9323526620864868
0.94642174243927
0.8767789900302887
0.9156520664691925
1.0522327423095703
1.0764187574386597
0.9702068567276001
1.0610190331935883
1.0736704766750336
1.1122817695140839
1.0406699180603027
1.0680883526802063
1.1418680548667908
1.154586285352707
1.2263393104076385
1.102729171514511
1.220828264951706
1.169939786195755
1.2131845951080322
1.2816562950611115
1.2087135314941406
1.1196519434452057
1.174270212650299
1.222623199224472
1.304796427488327
1.2857691049575806
1.2966895401477814
1.2251536846160889
1.269659847021103
1.342988669872284
1.3105430603027344
1.2942945063114166
1.2156052887439728
1.314225196838379
1.1615572571754456
1.3051553070545197
1.3030984103679657
1.3398618400096893
1.3398618400096893
1.3774911761283875
1.3184080123901367
1.2971633970737457
1.3099122047424316
1.3794325590133667
1.370239019393921
1.4028250873088837
1.3745214343070984
1.3604603111743927
1.3872354626655579
1.3229379057884216
1.3850479423999786
1.450780838727951
1.528908133506775
1.4481610357761383
1.4554182887077332
1.4618430733680725
1.467599093914032
1.4674756228923798
1.4696794152259827
1.410825401544571
1.3784242272377014
1.5352973341941833
1.474893182516098
1.335652381181717
1.352103978395462
1.3583056032657623
1.4518565833568573
1.3480968475341797
1.4095123708248138
1.247032642364502
1.2512584626674652
1.3992462158203125
1.2881770133972168
1.358659029006958
1.2992859184741974
1.2604840099811554
1.2531883120536804
1.2406391501426697
1.2924281358718872
1.3473606705665588
1.3518866300582886
1.2576017081737518
1.2448436915874481
1.2733984887599945
1.2391164600849152
1.209075540304184
1.3009596168994904
1.0907390713691711
1.1999221444129944
1.2212020754814148
1.1752703189849854
1.1880918145179749
1.2825976610183716
1.1536234617233276
1.1032178699970245
1.1625249087810516
1.1558274328708649
1.238261193037033
1.1385340690612793
1.2457151412963867
1.291355162858963
1.1162479519844055
1.1563358008861542
1.2276413440704346
1.269377052783966
1.2642862200737
1.1745218932628632
1.2766900062561035
1.2496539652347565
1.2224980294704437
1.1746139824390411
1.231121689081192
1.1920394897460938
1.2284671068191528
1.225408136844635
1.1533131301403046
1.1480409801006317
1.1043437719345093
1.2243212163448334
1.1841084659099579
1.1926197409629822
1.132644921541214
1.175060123205185
1.1630765497684479
1.0833351016044617
1.0589346885681152
1.2367779314517975
1.1080017685890198
1.1187933683395386
1.0845204591751099
1.0275534689426422
1.0748621821403503
1.1188543438911438
1.0083366930484772
1.1516956686973572
1.0684315860271454
1.1763217449188232
1.1714115142822266
1.1549472212791443
1.1410851180553436
1.1366012692451477
1.1863862872123718
1.126868337392807
1.2157169580459595
1.1877977550029755
1.072678953409195
1.1412565112113953
1.1640070080757141
1.0995383262634277
1.1049607694149017
1.1470667123794556
1.124744474887848
1.1441102027893066
1.2662785649299622
1.076814204454422
1.146344929933548
1.1289168298244476
1.120604932308197
1.1699048280715942
1.1624033153057098
1.0622838735580444
1.0632713735103607
1.2084888517856598
1.2122730016708374
1.2869083285331726
1.0567705929279327
1.1009503304958344
1.158390372991562
1.2161370813846588
1.048587441444397
1.1412533819675446
1.1302205622196198
1.1750378608703613
1.1608944833278656
1.0929667353630066
1.2224072813987732
1.1758689880371094
1.2084656953811646
1.160991132259369
1.1704876720905304
1.2225125133991241
1.177620381116867
1.2969439029693604
1.2161632776260376
1.2244332432746887
1.249802827835083
1.168986439704895
1.339893490076065
1.1693513095378876
1.1810584366321564
1.2108771800994873
1.2673339247703552
1.1362976431846619
1.2106508016586304
1.2389988005161285
1.2256607115268707
1.273374080657959
1.273406445980072
1.1845082938671112
1.2070354521274567
1.1811254918575287
1.1471433341503143
1.1323509514331818
1.133023202419281
1.2613561749458313
1.187161535024643
1.2723556458950043
1.1821525990962982
1.1422158479690552
1.2722402215003967
1.2885130047798157
1.201507419347763
1.213218480348587
1.3101763129234314
1.4014129936695099
1.3357506394386292
1.2735030055046082
1.3180306255817413
1.270198792219162
1.2239922881126404
1.3566636443138123
1.2471157908439636
1.3339634835720062
1.3039820194244385
1.3795055150985718
1.3221977055072784
1.3472574949264526
1.271161437034607
1.2555123567581177
1.2729527056217194
1.3245096802711487
1.272268831729889
1.2547768950462341
1.4145011007785797
1.2919414937496185
1.2877973914146423
1.292903870344162
1.2829828262329102
1.3303847908973694
1.202061116695404
1.293022334575653
1.3085815608501434
1.2628873586654663
1.3923321068286896
1.2155677378177643
1.305318921804428
1.1567202508449554
1.3034034669399261
1.2858348190784454
1.2479232251644135
1.1818445026874542
1.3504860699176788
1.3399991691112518
1.3197663724422455
1.3017183244228363
1.2861339747905731
1.3026155233383179
1.3717131614685059
1.3452512919902802
1.3479453921318054
1.329464167356491
1.2806492149829865
1.3497215509414673
1.3931434750556946
1.4661625027656555
1.3467049598693848
1.4473948180675507
1.3881914019584656
1.3803934156894684
1.3889485895633698
1.416730910539627
1.422030508518219
1.4180381298065186
1.3564411103725433
1.3512157201766968
1.3626438081264496
1.3968145251274109
1.303437888622284
1.342173457145691
1.4077267348766327
1.3266645669937134
1.3104701042175293
1.348741739988327
1.3125256597995758
1.420375496149063
1.3698998987674713
1.349132001399994
1.3231594562530518
1.2534060180187225
1.2716162502765656
1.2591032087802887
1.2157845497131348
1.4090324342250824
1.3247195184230804
1.2725607454776764
1.2871219217777252
1.2880235016345978
1.225605547428131
1.287516474723816
1.2895243763923645
1.25132355093956
1.3482173681259155
1.347675383090973
1.2452335059642792
1.2904501855373383
1.322631061077118
1.322631061077118
1.3746907711029053
1.292544186115265
1.2598123848438263
1.310685932636261
1.3354212641716003
1.2771061062812805
1.418324053287506
1.373042732477188
1.2161112427711487
1.329008013010025
1.2206246852874756
1.2768406569957733
1.3874748945236206
1.3774431645870209
1.3029069006443024
1.2973445355892181
1.3851768672466278
1.3014682531356812
1.3673951625823975
1.3580633103847504
1.255612850189209
1.2360953092575073
1.3456620275974274
1.3794447183609009
1.3177133202552795
1.4412660598754883
1.238712340593338
1.2275985181331635
1.3117361962795258
1.2642019987106323
1.2541363835334778
1.3302681148052216
1.2916721105575562
1.4330553710460663
1.282358318567276
1.280080407857895
1.2762853503227234
1.3297668993473053
1.2656740844249725
1.2307169437408447
1.235817790031433
1.327241599559784
1.2440135478973389
1.2127821743488312
1.3059333264827728
1.2085074484348297
1.283172369003296
1.2226154208183289
1.126521348953247
1.2123098373413086
1.1862524449825287
1.2098960280418396
1.2444389462471008
1.2052154839038849
1.2301548421382904
1.2438063025474548
1.2533243000507355
1.182717114686966
1.111646980047226
1.2171148359775543
1.2454326152801514
1.17301145195961
1.1918437778949738
1.2629596889019012
1.1391285359859467
1.1352984309196472
1.1647707223892212
1.1657162010669708
1.1329806447029114
1.1356911957263947
1.1706393957138062
1.1009316444396973
1.1885860562324524
1.1037319600582123
1.1680415868759155
1.0920369923114777
1.0387113690376282
1.1046765446662903
1.1601088643074036
1.1538593173027039
1.1785877645015717
1.039027065038681
1.2234646081924438
1.1547443568706512
1.086181640625
1.2258210182189941
1.0752828419208527
1.164261817932129
1.1196961998939514
1.1281975507736206
1.0706360042095184
1.1171783208847046
1.1382983922958374
1.1423853635787964
1.0108062028884888
1.1998226344585419
1.1560461223125458
1.1410335302352905
1.0527898371219635
1.192152500152588
1.1423570215702057
1.1647035777568817
1.0598722100257874
1.1361415386199951
0.9528449177742004
1.1562865376472473
1.1594996452331543
1.0303414463996887
1.0081800520420074
1.0425628423690796
1.0449887216091156
1.117955893278122
1.0665324032306671
1.0073348879814148
1.086460143327713
1.142174631357193
1.0904332101345062
1.1008249819278717
1.0106804072856903
1.1001547873020172
1.0504255592823029
1.0537929832935333
1.0664581954479218
0.9924902021884918
0.8699753880500793
1.054225355386734
1.0386534333229065
1.079441875219345
1.0178945660591125
1.0641970038414001
1.0673122107982635
1.1277840435504913
1.0494288504123688
1.0093646049499512
1.0514511466026306
1.0214334726333618
0.9568981826305389
1.03383207321167
1.0174347460269928
1.0328352749347687
1.0122142732143402
1.0441877245903015
1.0010026395320892
1.0320165753364563
1.0500426292419434
0.9868367314338684
1.013473391532898
1.0919896066188812
0.9635960161685944
0.9997403025627136
1.0411457419395447
1.1072883009910583
1.0620778799057007
1.1335370242595673
1.1619841754436493
1.0424931049346924
1.0969484746456146
1.1331570446491241
1.0900266766548157
1.1104776263237
1.0726338922977448
1.1568703651428223
1.0688719153404236
1.0853558778762817
1.1060534119606018
1.2117127776145935
1.1159829497337341
1.1124376058578491
1.1418151259422302
1.21087047457695
1.1035112142562866
1.1855944097042084
1.1438119411468506
1.0725407302379608
1.126798152923584
1.0641987919807434
1.1813296973705292
1.1161285042762756
1.1042459607124329
1.0939393937587738
1.0877754986286163
1.144773244857788
1.028542935848236
1.1446727514266968
1.086670070886612
1.1403630673885345
1.186935693025589
1.1251347362995148
1.1895387768745422
1.1659052968025208
1.112259954214096
1.1398752629756927
1.1549106538295746
1.1440437734127045
1.1116903424263
1.0689190328121185
1.1651053726673126
1.089095950126648
1.1054458916187286
1.1022737324237823
1.1489107310771942
1.1726100146770477
1.2280640602111816
1.169275850057602
1.0462971925735474
1.0494765043258667
1.204867422580719
1.1583551466464996
1.0885084569454193
1.137727975845337
1.1399026215076447
1.1249422430992126
1.1681610345840454
1.0967564284801483
1.1615433096885681
1.1520906686782837
1.0596917867660522
1.2331163585186005
1.2085516154766083
1.1222000420093536
1.2092303931713104
1.1844444572925568
1.1701490879058838
1.1535236835479736
1.1573558449745178
1.1516312062740326
1.24495267868042
1.1953595280647278
1.1623526215553284
1.1965123414993286
1.270305722951889
1.3091829121112823
1.2092492580413818
1.2035208642482758
1.2846018970012665
1.2576068937778473
1.3221544325351715
1.360759288072586
1.2649206519126892
1.2824265360832214
1.2398239374160767
1.3293920159339905
1.3039355278015137
1.2619072794914246
1.3992235958576202
1.2274642288684845
1.3055690824985504
1.3275392353534698
1.333977609872818
1.266525775194168
1.3068524301052094
1.3650944530963898
1.2830488979816437
1.2849219739437103
1.3605535626411438
1.3123408555984497
1.3578562438488007
1.2795785665512085
1.217954009771347
1.1762929558753967
1.2676008939743042
1.3372425734996796
1.2478306889533997
1.290107399225235
1.2661659121513367
1.2780085802078247
1.2156249582767487
1.1833776533603668
1.2894154787063599
1.235409826040268
1.2707412242889404
1.3155458271503448
1.2286944687366486
1.2532924711704254
1.2598751485347748
1.2557232677936554
1.293130874633789
1.2326875627040863
1.159588247537613
1.288690209388733
1.2158258557319641
1.1794474124908447
1.132189303636551
1.2458640038967133
1.229667842388153
1.1764429807662964
1.1161436140537262
1.311551034450531
1.2799046337604523
1.247544139623642
1.2921581268310547
1.1842435598373413
1.1927270293235779
1.2590538561344147
1.210765779018402
1.200055092573166
1.115963727235794
1.218841016292572
1.1414144933223724
1.1779742538928986
1.2454909980297089
1.3064957857131958
1.2447676062583923
1.209594190120697
1.1964233815670013
1.202264428138733
1.2138846516609192
1.1859194040298462
1.2908202409744263
1.2159125804901123
1.2707482874393463
1.2654421627521515
1.1704915165901184
1.2354532778263092
1.177089124917984
1.269595205783844
1.3668519258499146
1.2206882536411285
1.3047872185707092
1.350364476442337
1.1844553649425507
1.2656734585762024
1.0915838778018951
1.3327513933181763
1.2933066487312317
1.254363477230072
1.2937818467617035
1.2859920859336853
1.3699502348899841
1.3044808208942413
1.252068668603897
1.2921370267868042
1.2889941036701202
1.2045621871948242
1.3219615817070007
1.3659908473491669
1.281070500612259
1.2104092240333557
1.3086445033550262
1.3048352301120758
1.411578208208084
1.3140326142311096
1.302070140838623
1.3726730346679688
1.3792981803417206
1.3876278698444366
1.4275136590003967
1.3646240830421448
1.4100603461265564
1.3961761593818665
1.3819154798984528
1.4099750518798828
1.3716680109500885
1.3012245297431946
1.3946607112884521
1.4436741471290588
1.3248682022094727
1.4678702652454376
1.3226742446422577
1.3529080152511597
1.4251900613307953
1.4547600746154785
1.4693186581134796
1.3313750624656677
1.374997079372406
1.4543186724185944
1.4578838646411896
1.4366484582424164
1.4360547065734863
1.504026710987091
1.410563439130783
1.4156400561332703
1.401408076286316
1.355720579624176
1.479265183210373
1.4697699844837189
1.5060020685195923
1.4552754163742065
1.4839918613433838
1.5259307026863098
1.4462046325206757
1.4537207186222076
1.429838240146637
1.483846664428711
1.4142603278160095
1.4605745673179626
1.503884196281433
1.4920670986175537
1.465628206729889
1.499171644449234
1.446101725101471
1.582955539226532
1.3715963065624237
1.4819046556949615
1.3912520706653595
1.3802219331264496
1.4697745442390442
1.360877126455307
1.4233241379261017
1.3390048742294312
1.3768495917320251
1.4101371467113495
1.4037180840969086
1.4727264046669006
1.4852725267410278
1.436168611049652
1.4756318628787994
1.4113918840885162
1.423766165971756
1.4553269147872925
1.4807568490505219
1.3441239595413208
1.3349889814853668
1.3768677413463593
1.347496747970581
1.3736225366592407
1.32901731133461
1.501204490661621
1.392616868019104
1.3392233848571777
1.3682693839073181
1.2894311249256134
1.4121316373348236
1.389186054468155
1.2775664627552032
1.369955688714981
1.337322324514389
1.3562458455562592
1.364462524652481
1.3136981427669525
1.4742926359176636
1.2552458345890045
1.2525834739208221
1.266204982995987
1.3005875051021576
1.3472869992256165
1.3135110139846802
1.2796521484851837
1.3037579655647278
1.2830197513103485
1.2505717277526855
1.283409297466278
1.228972613811493
1.4257911443710327
1.3129466772079468
1.2671697735786438
1.313304841518402
1.2762727439403534
1.2691293060779572
1.3009776771068573
1.2396866083145142
1.225476622581482
1.313075065612793
1.2155601382255554
1.328571081161499
1.3329777717590332
1.272206425666809
1.2794440984725952
1.306097835302353
1.243366777896881
1.3190634548664093
1.1997781991958618
1.2582155764102936
1.2721292674541473
1.2743355631828308
1.1432005763053894
1.208800345659256
1.2724920809268951
1.327309638261795
1.2990849316120148
1.2126125693321228
1.233581006526947
1.309895396232605
1.2132726609706879
1.3015341460704803
1.2629579901695251
1.195801019668579
1.267356812953949
1.321110337972641
1.186317265033722
1.2880350351333618
1.2554355561733246
1.249195396900177
1.327167123556137
1.1994602680206299
1.2745674848556519
1.3357787132263184
1.2413497567176819
1.2613032460212708
1.29648095369339
1.1642828285694122
1.2355113923549652
1.2885271310806274
1.3034525513648987
1.3200438916683197
1.2799899280071259
1.3117882311344147
1.3829297125339508
1.4001891016960144
1.3221425414085388
1.322264850139618
1.3101889193058014
1.223891258239746
1.3009131252765656
1.2232595086097717
1.2555168271064758
1.338144600391388
1.3820600509643555
1.2512792944908142
1.314173698425293
1.3388845324516296
1.3098377287387848
1.2935005724430084
1.269129753112793
1.2887177467346191
1.2571142613887787
1.2417287528514862
1.31570166349411
1.2872486114501953
1.246110051870346
1.252671092748642
1.2326697707176208
1.3048441708087921
1.3150638341903687
1.2340697050094604
1.2693292200565338
1.2439046502113342
1.2563145160675049
1.2628156542778015
1.361088216304779
1.2757735848426819
1.2516001760959625
1.332372397184372
1.3914551138877869
1.3314665257930756
1.3307295441627502
1.268232375383377
1.369058221578598
1.2461601197719574
1.233494371175766
1.3671215772628784
1.258709192276001
1.2738085985183716
1.3213968873023987
1.2067575752735138
1.3292066752910614
1.2596939206123352
1.297156423330307
1.250931054353714
1.2575693428516388
1.358027458190918
1.3217125833034515
1.3485343158245087
1.3243861198425293
1.3612557649612427
1.3568919897079468
1.323343813419342
1.376642882823944
1.297901451587677
1.3065601587295532
1.2403516173362732
1.2969155609607697
1.280813992023468
1.314590960741043
1.3454593420028687
1.4518538117408752
1.358180969953537
1.2984235882759094
1.3619800508022308
1.284636676311493
1.3718975186347961
1.2267230451107025
1.342941015958786
1.259443312883377
1.2557235360145569
1.3017683029174805
1.3219048082828522
1.318916380405426
1.2897415459156036
1.4724309146404266
1.2778407633304596
1.2959106266498566
1.3216705620288849
1.2280806005001068
1.3556072115898132
1.2975250482559204
1.3195185363292694
1.3614392280578613
1.3237809240818024
1.2955282330513
1.3061978816986084
1.2944267392158508
1.3980565667152405
1.3774095475673676
1.431668758392334
1.405955582857132
1.2656185626983643
1.3896497189998627
1.3401925563812256
1.335132747888565
1.2869977355003357
1.3393842279911041
1.3371055126190186
1.2758923172950745
1.235986590385437
1.3594512641429901
1.4651061594486237
1.322008341550827
1.2931276559829712
1.31521475315094
1.4251558184623718
1.3960850536823273
1.4390041530132294
1.3942261934280396
1.3125461339950562
1.400173008441925
1.2881684303283691
1.3819113671779633
1.2798720002174377
1.4018695056438446
1.3022814989089966
1.3334493935108185
1.3201511800289154
1.368488609790802
1.3747013211250305
1.30467090010643
1.4256209135055542
1.3074223101139069
1.3193999826908112
1.3731746971607208
1.456820547580719
1.3091791570186615
1.3502903580665588
1.3224681615829468
1.3707540929317474
1.398988276720047
1.2974888384342194
1.4055628180503845
1.3963049948215485
1.4780485332012177
1.4688768088817596
1.2247923016548157
1.2865597307682037
1.4918349087238312
1.4748343527317047
1.3221926093101501
1.2549420297145844
1.390665739774704
1.424719512462616
1.404813677072525
1.4386451840400696
1.4935331046581268
1.339463084936142
1.3163099884986877
1.3980729281902313
1.2952484786510468
1.4635131061077118
1.4803936779499054
1.4393593668937683
1.3183923661708832
1.4036341309547424
1.335543304681778
1.4204424619674683
1.4423696100711823
1.4083196818828583
1.3029128015041351
1.4780678451061249
1.4741325080394745
1.3107689023017883
1.4113551378250122
1.4025650918483734
1.509099304676056
1.3265650570392609
1.3665630519390106
1.4162520468235016
1.4815479218959808
1.344706267118454
1.4807529151439667
1.4884926080703735
1.3393849432468414
1.4239774346351624
1.4301323890686035
1.3577711284160614
1.3931465148925781
1.3846881687641144
1.4727871119976044
1.4109951853752136
1.4525315165519714
1.2709386348724365
1.3641099035739899
1.4347553551197052
1.4200611412525177
1.3820157945156097
1.4385200142860413
1.4117676615715027
1.3182307183742523
1.3588917553424835
1.3609052896499634
1.3448697924613953
1.333239734172821
1.262883335351944
1.3912076354026794
1.4060419499874115
1.3459462523460388
1.3940440714359283
1.3558354675769806
1.4703170657157898
1.297963410615921
1.360447257757187
1.5663281679153442
1.3463415205478668
1.3338960707187653
1.2347973883152008
1.344765543937683
1.391128420829773
1.3437447845935822
1.4787628948688507
1.3374249637126923
1.3678820729255676
1.3236662149429321
1.384766399860382
1.3176287412643433
1.264724224805832
1.3430355191230774
1.370925486087799
1.396345317363739
1.2567206919193268
1.3162858486175537
1.378115952014923
1.3132358193397522
1.3253706693649292
1.2938672304153442
1.383953869342804
1.2986825108528137
1.3270866572856903
1.34397491812706
1.2366128861904144
1.3304981589317322
1.3182056844234467
1.2954919338226318
1.2606681883335114
1.348810851573944
1.3268668949604034
1.2550818622112274
1.2529301047325134
1.1724997758865356
1.3328176438808441
1.3825754821300507
1.261020541191101
1.2860817611217499
1.4300175905227661
1.2600590586662292
1.2506442368030548
1.3523370623588562
1.2525505721569061
1.311838835477829
1.323798269033432
1.2991637885570526
1.340060144662857
1.3972896337509155
1.318998545408249
1.26775324344635
1.353985995054245
1.2441138625144958
1.2002704739570618
1.3271337747573853
1.234369844198227
1.279647320508957
1.2104541957378387
1.2527729272842407
1.247237205505371
1.3257561028003693
1.2674391567707062
1.3402923345565796
1.3652449250221252
1.2747386991977692
1.3883974850177765
1.3698247969150543
1.274898201227188
1.3314515054225922
1.267625480890274
1.3479931354522705
1.2205252647399902
1.3288032710552216
1.2959328889846802
1.3136817812919617
1.276656299829483
1.2724981606006622
1.293654352426529
1.3714798092842102
1.121069759130478
1.2679437696933746
1.3031617105007172
1.328741043806076
1.2081965804100037
1.2325584590435028
1.3342858850955963
1.3597076833248138
1.278058022260666
1.2598527073860168
1.2337551712989807
1.2506902813911438
1.3040252923965454
1.3097275793552399
1.359910637140274
1.1766011416912079
1.2646328508853912
1.2703707218170166
1.2617548406124115
1.257992684841156
1.215841144323349
1.2628051936626434
1.2835636138916016
1.2331404983997345
1.2217243015766144
1.2589941322803497
1.201802283525467
1.172124445438385
1.282936155796051
1.3078665733337402
1.2661565244197845
1.190825879573822
1.1932429075241089
1.32059445977211
1.2671142518520355
1.2730874419212341
1.2411726415157318
1.2905540764331818
1.1650209724903107
1.2773395478725433
1.270456999540329
1.2187846004962921
1.1509856879711151
1.2593228816986084
1.2120712101459503
1.2034910917282104
1.240949660539627
1.175916999578476
1.2967848479747772
1.2228286564350128
1.2291504442691803
1.2131303250789642
1.2698025405406952
1.330875188112259
1.1917352378368378
1.2258374691009521
1.3311618268489838
1.2080943882465363
1.3326204121112823
1.204192578792572
1.255817860364914
1.2058712840080261
1.2599304020404816
1.2123377323150635
1.2901952862739563
1.3088506758213043
1.1960138976573944
1.2498859763145447
1.3282655775547028
1.3044298589229584
1.321990728378296
1.1080728471279144
1.2300501465797424
1.2002216577529907
1.271760642528534
1.157225489616394
1.2666958272457123
1.321962296962738
1.2842407822608948
1.1854753196239471
1.2749609649181366
1.2751672267913818
1.3503248691558838
1.2091850638389587
1.291519671678543
1.1528602838516235
1.2432479560375214
1.2036715149879456
1.2267681062221527
1.2859169840812683
1.1917043924331665
1.2663063704967499
1.123929351568222
1.2568438947200775
1.2047222256660461
1.2539233267307281
1.2590338289737701
1.2454681992530823
1.2867767214775085
1.1795405745506287
1.3257612884044647
1.2199832797050476
1.1815693974494934
1.143117606639862
1.2093477845191956
1.2335021495819092
1.1754124760627747
1.1987511813640594
1.2304042875766754
1.2079822719097137
1.2736319303512573
1.2187793254852295
1.1875670850276947
1.3117992281913757
1.2345358729362488
1.2230865955352783
1.2510449588298798
1.1623297333717346
1.1824103593826294
1.1088706254959106
1.2472960352897644
1.1683701574802399
1.166225016117096
1.2148024141788483
1.262977659702301
1.1978071331977844
1.139502078294754
1.122966706752777
1.1761607229709625
1.2505517899990082
1.2076241075992584
1.1159162521362305
1.2386384904384613
1.1664702594280243
1.203393816947937
1.1523363590240479
1.2550208866596222
1.310841053724289
1.240271419286728
1.2511382102966309
1.2261351943016052
1.2195193469524384
1.2045389413833618
1.3094482719898224
1.3032108843326569
1.2036515772342682
1.305265098810196
1.1839746236801147
1.253745585680008
1.138111263513565
1.2660903632640839
1.2393503487110138
1.2702863216400146
1.2825598418712616
1.1775981187820435
1.253927081823349
1.2328171133995056
1.300770252943039
1.2315590679645538
1.2419800758361816
1.1540140807628632
1.17347851395607
1.2420969307422638
1.1822585463523865
1.2388542294502258
1.2092207372188568
1.0538729131221771
1.165234923362732
1.2085183560848236
1.1550601422786713
1.2156938016414642
1.137174814939499
1.0798341035842896
1.2075667083263397
1.185252070426941
1.1796622574329376
1.2159280478954315
1.1571155190467834
1.1348643600940704
1.1392632722854614
1.091607928276062
1.2416356801986694
1.1716172397136688
1.162916511297226
1.1414045691490173
1.2344080209732056
-0.17784444987773895
-0.17033780738711357
-0.2198464572429657
-0.3388797640800476
-0.3996862471103668
-0.3557998761534691
-0.39272676408290863
-0.30781520158052444
-0.39004307985305786
-0.2496793046593666
-0.2974902391433716
-0.3092653155326843
-0.22255506366491318
-0.38156314194202423
-0.3300486356019974
-0.28274980187416077
-0.20186582207679749
-0.24971140176057816
-0.29432491958141327
-0.2560025453567505
-0.26461896300315857
-0.26968996971845627
-0.1371173970401287
-0.28610658645629883
-0.2212323322892189
-0.2384989634156227
-0.17890814691781998
-0.16523198783397675
-0.22450996935367584
-0.10620049014687538
-0.1040501520037651
-0.1207328774034977
-0.11308165267109871
-0.037576996721327305
-0.13087651133537292
-0.2489905133843422
-0.13441365212202072
-0.09812820330262184
-0.09445428103208542
-0.2370404228568077
-0.12050465494394302
-0.09070719592273235
-0.12966177240014076
-0.12963788956403732
-0.22778675705194473
-0.2013246864080429
-0.09156055748462677
-0.0921433623880148
-0.16548651829361916
-0.17848723009228706
-0.17616165429353714
-0.15112239494919777
-0.15258780866861343
-0.1793399378657341
-0.19477001577615738
-0.20788702368736267
-0.2048625871539116
-0.2579594627022743
-0.16626593470573425
-0.13561321422457695
-0.21954026073217392
-0.3059708699584007
-0.3028816133737564
-0.21007054299116135
-0.2820398882031441
-0.2765062227845192
-0.2797412797808647
-0.23670827597379684
-0.2925139144062996
-0.34506943076848984
-0.3490888997912407
-0.3255085274577141
-0.45342931151390076
-0.32250239700078964
-0.3230223208665848
-0.4072713106870651
-0.4119243174791336
-0.5627441704273224
-0.527865082025528
-0.5086366385221481
-0.661162868142128
-0.48998643457889557
-0.4543785899877548
-0.5185824483633041
-0.4260997474193573
-0.4829089790582657
-0.38565346598625183
-0.38577497005462646
-0.3867146819829941
-0.3969978243112564
-0.3507020026445389
-0.4057048112154007
-0.3676343411207199
-0.44694288074970245
-0.32507921755313873
-0.38088588416576385
-0.39143429696559906
-0.37541207671165466
-0.3421994224190712
-0.3413228541612625
-0.26756346970796585
-0.3359800949692726
-0.4008072316646576
-0.4014860987663269
-0.3403422608971596
-0.33489614725112915
-0.3190334290266037
-0.36136387288570404
-0.2850492373108864
-0.19266895204782486
-0.13950467482209206
-0.19820038229227066
-0.22543850541114807
-0.1929544284939766
-0.14231352880597115
-0.177739217877388
-0.12940477207303047
-0.17126386240124702
-0.17053481563925743
-0.18863318860530853
-0.23097894340753555
-0.16157906502485275
-0.17181915789842606
-0.13883906230330467
-0.21800818294286728
-0.1639498919248581
-0.1673974022269249
-0.17258774489164352
-0.10856368392705917
-0.15160109102725983
-0.13126308470964432
-0.19846100360155106
-0.2450290471315384
-0.24481424689292908
-0.2967991679906845
-0.23825917392969131
-0.24449700862169266
-0.26099943369627
-0.25752125680446625
-0.2542736157774925
-0.2215263918042183
-0.18468760326504707
-0.2540459632873535
-0.22273267060518265
-0.20333784073591232
-0.26642022281885147
-0.23376989364624023
-0.3292207047343254
-0.27947963029146194
-0.25538190454244614
-0.26854708045721054
-0.3323115035891533
-0.3498087152838707
-0.26656995713710785
-0.3585256487131119
-0.47783495485782623
-0.3059900254011154
-0.3858811855316162
-0.3882627636194229
-0.35445233434438705
-0.33850177377462387
-0.2832410931587219
-0.3342112898826599
-0.33145737648010254
-0.29251791536808014
-0.32529571652412415
-0.42565248906612396
-0.39605386555194855
-0.49285613000392914
-0.4972585290670395
-0.5261769443750381
-0.4874352067708969
-0.4418477565050125
-0.48257745802402496
-0.5027770847082138
-0.43005743622779846
-0.35627999156713486
-0.47691111266613007
-0.33653855323791504
-0.38795971870422363
-0.2292446494102478
-0.2992030307650566
-0.3019533008337021
-0.27214935421943665
-0.3119680881500244
-0.26999737322330475
-0.30146174132823944
-0.36074135452508926
-0.2840348035097122
-0.37708912789821625
-0.27336808294057846
-0.2610108554363251
-0.19256843626499176
-0.24308478087186813
-0.21421515941619873
-0.270159088075161
-0.18004601821303368
-0.23310573399066925
-0.1589057855308056
-0.12551863119006157
-0.16121046245098114
-0.2231733798980713
-0.22406058758497238
-0.21584947407245636
-0.21986757963895798
-0.1615869104862213
-0.22007015347480774
-0.19161173701286316
-0.25222355872392654
-0.25345567613840103
-0.25434210151433945
-0.24686651676893234
-0.20885758101940155
-0.22334736585617065
-0.17323656007647514
-0.2511148452758789
-0.212940014898777
-0.14420990645885468
-0.11472760140895844
-0.194608636200428
-0.15127742663025856
-0.17974397912621498
-0.21348638087511063
-0.18304410204291344
-0.20981302857398987
-0.20946639776229858
-0.2272789478302002
-0.21144410222768784
-0.24385712295770645
-0.19880345463752747
-0.1902550756931305
-0.27943284809589386
-0.22784898430109024
-0.2035726010799408
-0.1970403492450714
-0.26372621208429337
-0.22720632702112198
-0.2483009174466133
-0.2245206981897354
-0.19463489949703217
-0.26425427198410034
-0.2483416199684143
-0.27148666977882385
-0.288341648876667
-0.2782125771045685
-0.34619303047657013
-0.3190907835960388
-0.34394464641809464
-0.32276833802461624
-0.3271430879831314
-0.3500613570213318
-0.2969123125076294
-0.29194658249616623
-0.31810951977968216
-0.3172999620437622
-0.30130375921726227
-0.2815145328640938
-0.28184589743614197
-0.22814326733350754
-0.3220832347869873
-0.2545670047402382
-0.2441525012254715
-0.2899102717638016
-0.3090042471885681
-0.2351193130016327
-0.2960284352302551
-0.2212096005678177
-0.29874785989522934
-0.34827976673841476
-0.2592553496360779
-0.2882036715745926
-0.32384292036294937
-0.24531756341457367
-0.284602090716362
-0.2715689241886139
-0.27459724992513657
-0.2965993210673332
-0.22614866495132446
-0.2942065894603729
-0.2700411155819893
-0.23654314130544662
-0.16077543050050735
-0.22270017117261887
-0.22214511036872864
-0.206467866897583
-0.19079241156578064
-0.21285118907690048
-0.19128305464982986
-0.1947271004319191
-0.2267567217350006
-0.13187094032764435
-0.23967871069908142
-0.21650312840938568
-0.18698996677994728
-0.2441747635602951
-0.2270689308643341
-0.2935793995857239
-0.22815468907356262
-0.23126276582479477
-0.3100580871105194
-0.23513728380203247
-0.20348717272281647
-0.2591656744480133
-0.23268692940473557
-0.21768571436405182
-0.19116050004959106
-0.2221166342496872
-0.2537267804145813
-0.18468796089291573
-0.23030443489551544
-0.2690570130944252
-0.31507475674152374
-0.35343649238348007
-0.37043537199497223
-0.2527797147631645
-0.35654251277446747
-0.35668936371803284
-0.30301402509212494
-0.3628934249281883
-0.3287794813513756
-0.38590188324451447
-0.33174993842840195
-0.2965168431401253
-0.40753738582134247
-0.36466962844133377
-0.31013788282871246
-0.3543473035097122
-0.3800662010908127
-0.4083489775657654
-0.3935329020023346
-0.36136020720005035
-0.33750584721565247
-0.39646030962467194
-0.40117447078227997
-0.3904810845851898
-0.4521205723285675
-0.46117208898067474
-0.4295800030231476
-0.4827428609132767
-0.5095889121294022
-0.5182358622550964
-0.6183703690767288
-0.4719029366970062
-0.5478274673223495
-0.6084377020597458
-0.5003377497196198
-0.6723881363868713
-0.612748458981514
-0.4599089026451111
-0.5202041119337082
-0.622360423207283
-0.47650596499443054
-0.43549391627311707
-0.535493016242981
-0.5212426632642746
-0.4516598582267761
-0.47922755777835846
-0.4517055004835129
-0.46368952095508575
-0.4197135865688324
-0.3904230147600174
-0.4169088453054428
-0.41575169563293457
-0.3875090628862381
-0.44413934648036957
-0.3253926783800125
-0.2928420156240463
-0.4211816042661667
-0.35037363320589066
-0.36922504752874374
-0.2673162370920181
-0.34630347043275833
-0.35056308656930923
-0.3674427196383476
-0.2633756920695305
-0.27332353591918945
-0.33162177354097366
-0.2664729282259941
-0.2543782442808151
-0.266166552901268
-0.20869112759828568
-0.18666661530733109
-0.281655415892601
-0.21469766646623611
-0.2189936488866806
-0.1344968117773533
-0.15797177329659462
-0.19072267413139343
-0.19133488833904266
-0.1621956154704094
-0.16796540468931198
-0.14222242310643196
-0.10670655593276024
-0.15257101133465767
-0.13501109182834625
-0.1019483171403408
-0.14181941002607346
-0.13297739624977112
-0.13914545997977257
-0.0929909348487854
-0.10271302610635757
-0.10268213599920273
-0.09201622568070889
-0.154294453561306
-0.07297834753990173
-0.0724630057811737
-0.03358339983969927
-0.10040870681405067
-0.01799827767536044
-0.014101903885602951
-0.0760213527828455
-0.13721274957060814
-0.08561055734753609
-0.09495622292160988
-0.11363305896520615
-0.14110539481043816
-0.09292541071772575
-0.1226569376885891
-0.10461032018065453
-0.12821367010474205
-0.16945331543684006
-0.10316722467541695
-0.13873019814491272
-0.18248330801725388
-0.1357174962759018
-0.16395463049411774
-0.17711091041564941
-0.17327743023633957
-0.18923628330230713
-0.14738531783223152
-0.13912829384207726
-0.1172342598438263
-0.17999697849154472
-0.16883090883493423
-0.16583587601780891
-0.2202572375535965
-0.2374197095632553
-0.1576654314994812
-0.13380377367138863
-0.1371515616774559
-0.20870612561702728
-0.24720679968595505
-0.2204372137784958
-0.19402679800987244
-0.2720698267221451
-0.18301155790686607
-0.2379971444606781
-0.2208225578069687
-0.2826610654592514
-0.27302536368370056
-0.2621207982301712
-0.3461420461535454
-0.3561389297246933
-0.3570767641067505
-0.31175992637872696
-0.4459731727838516
-0.44841648638248444
-0.3942086845636368
-0.43878351151943207
-0.3642505779862404
-0.39948074519634247
-0.43694794178009033
-0.45303158462047577
-0.41307055950164795
-0.4965660721063614
-0.46481363475322723
-0.40840718150138855
-0.4752534180879593
-0.5466916412115097
-0.5526134669780731
-0.4845162481069565
-0.4459340125322342
-0.4928889870643616
-0.5325886309146881
-0.644822359085083
-0.613276407122612
-0.684657096862793
-0.6239639818668365
-0.5376032888889313
-0.58989018201828
-0.5605577677488327
-0.5967743843793869
-0.6389597654342651
-0.5134596526622772
-0.5671962797641754
-0.6483488827943802
-0.6330183148384094
-0.5607787817716599
-0.6332053989171982
-0.5958477258682251
-0.5335473865270615
-0.48600929975509644
-0.5246341824531555
-0.5491358041763306
-0.4787047505378723
-0.5193084329366684
-0.5462738424539566
-0.4218519330024719
-0.513783797621727
-0.44556091725826263
-0.43435192108154297
-0.407325804233551
-0.37841977179050446
-0.4094637483358383
-0.4304717928171158
-0.42443038523197174
-0.5402059257030487
-0.38342754542827606
-0.4225398302078247
-0.4058959186077118
-0.49403420090675354
-0.4171280711889267
-0.3586944490671158
-0.43014129996299744
-0.36514871567487717
-0.3785402923822403
-0.3709788993000984
-0.26378126442432404
-0.28209109604358673
-0.3668515607714653
-0.289672315120697
-0.30109282582998276
-0.27441025525331497
-0.29058368504047394
-0.25743285566568375
-0.23813456296920776
-0.28357037901878357
-0.2422298938035965
-0.16866641119122505
-0.2019890695810318
-0.23081224411725998
-0.22817203402519226
-0.13065684959292412
-0.14671723544597626
-0.18964122980833054
-0.13213755190372467
-0.13790637999773026
-0.18887966126203537
-0.1558762639760971
-0.14327013865113258
-0.13353614509105682
-0.08061488717794418
-0.1102193333208561
-0.16991141438484192
-0.04902653396129608
-0.129683218896389
-0.09763961657881737
-0.12040944769978523
-0.16901752352714539
-0.1174740269780159
-0.11988994851708412
-0.1413216032087803
-0.16316350176930428
-0.07573925703763962
-0.13495279848575592
-0.09027495793998241
-0.06943819485604763
-0.06019918620586395
-0.10486907511949539
-0.1588159315288067
-0.08884689398109913
-0.119960255920887
-0.08202048763632774
-0.12768461555242538
-0.1470641903579235
-0.14281334728002548
-0.1136573776602745
-0.11941990256309509
-0.12757714837789536
-0.140336774289608
-0.11934570595622063
-0.06799020990729332
-0.1383626013994217
-0.16996760666370392
-0.11850515753030777
-0.16650862991809845
-0.1364765390753746
-0.18001122772693634
-0.20287194103002548
-0.13249338045716286
-0.2457425370812416
-0.21064931899309158
-0.17085593193769455
-0.21639832109212875
-0.21503984928131104
-0.21255089342594147
-0.15484297648072243
-0.19564159959554672
-0.2265142723917961
-0.17995679005980492
-0.21921439468860626
-0.14223578944802284
-0.16294649988412857
-0.22514639049768448
-0.13974982872605324
-0.17856420949101448
-0.2115214616060257
-0.13825883343815804
-0.2134741097688675
-0.26159215718507767
-0.26888273656368256
-0.23786475509405136
-0.24808211624622345
-0.17233539372682571
-0.1921491175889969
-0.24552816152572632
-0.23796694725751877
-0.34354571253061295
-0.25956011563539505
-0.2959926500916481
-0.2904311344027519
-0.3218173608183861
-0.3246603459119797
-0.29640032351017
-0.2726746201515198
-0.2590184658765793
-0.29932645708322525
-0.32215645909309387
-0.3414933532476425
-0.35785312950611115
-0.28490426391363144
-0.2987937703728676
-0.23765263706445694
-0.3164113685488701
-0.3458876386284828
-0.339532233774662
-0.31673260778188705
-0.3991495370864868
-0.415821835398674
-0.32105400413274765
-0.3551369234919548
-0.4338730126619339
-0.48102258145809174
-0.37017741054296494
-0.4876078963279724
-0.40030547976493835
-0.5348152220249176
-0.4733814150094986
-0.3856973201036453
-0.5612813383340836
-0.5613105297088623
-0.5802769213914871
-0.49742884933948517
-0.5461062043905258
-0.4892347902059555
-0.5323517471551895
-0.6759859621524811
-0.6210042536258698
-0.657526284456253
-0.554785743355751
-0.5244491994380951
-0.644365668296814
-0.5957961827516556
-0.6516842097043991
-0.602975606918335
-0.6113724857568741
-0.5337317883968353
-0.6119126826524734
-0.583518460392952
-0.6289117634296417
-0.6642368137836456
-0.5636796802282333
-0.4967176169157028
-0.5489978939294815
-0.6093098670244217
-0.6269610822200775
-0.6957777589559555
-0.72518290579319
-0.6037673503160477
-0.5636040419340134
-0.4562936872243881
-0.5176119804382324
-0.6489802747964859
-0.4908580631017685
-0.639721155166626
-0.5802435725927353
-0.6546589583158493
-0.5118361562490463
-0.6080803424119949
-0.5072415769100189
-0.42898061871528625
-0.5697474181652069
-0.5853915810585022
-0.5045164525508881
-0.46811677515506744
-0.5654979944229126
-0.47821488976478577
-0.5302193909883499
-0.4509940892457962
-0.5066843926906586
-0.501056358218193
-0.4972095340490341
-0.40446294844150543
-0.47677387297153473
-0.42839862406253815
-0.41185712814331055
-0.42906685173511505
-0.4209669381380081
-0.35126660764217377
-0.3369893208146095
-0.33840376138687134
-0.3975864350795746
-0.3763648420572281
-0.291228823363781
-0.2462354600429535
-0.29514844715595245
-0.2926911637187004
-0.25216562300920486
-0.23032940179109573
-0.3124893978238106
-0.215153306722641
-0.28837043792009354
-0.21418192237615585
-0.22293361276388168
-0.25447048991918564
-0.27767593413591385
-0.2913036346435547
-0.19099169969558716
-0.21330206841230392
-0.20554610341787338
-0.25927644968032837
-0.2029496356844902
-0.23124642670154572
-0.19877547025680542
-0.26824774593114853
-0.216281957924366
-0.20065990090370178
-0.16530250757932663
-0.22155392915010452
-0.2158554196357727
-0.20072295516729355
-0.2000899538397789
-0.13225972652435303
-0.27337977290153503
-0.23650366812944412
-0.1613270491361618
-0.18273957073688507
-0.19626038521528244
-0.10370439291000366
-0.21992824226617813
-0.18594666570425034
-0.16377585008740425
-0.2581562027335167
-0.17133813723921776
-0.12164157629013062
-0.16917971894145012
-0.22728849202394485
-0.22821955382823944
-0.14627210050821304
-0.1719312183558941
-0.11820290610194206
-0.14188146963715553
-0.19813288003206253
-0.14632202312350273
-0.1991586908698082
-0.1705452986061573
-0.08525994792580605
-0.11329810693860054
-0.12210928648710251
-0.13564502075314522
-0.06006647273898125
-0.09156915731728077
-0.17536057904362679
-0.10365476086735725
-0.13517526537179947
-0.09107417240738869
-0.16766570135951042
-0.15503636375069618
-0.15742585435509682
-0.12685906514525414
-0.11195414140820503
-0.17634988948702812
-0.08186342194676399
-0.17245106399059296
-0.13760854303836823
-0.14964142441749573
-0.1602388322353363
-0.0982702374458313
-0.12396355345845222
-0.17481154203414917
-0.058594370260834694
-0.1734190285205841
-0.10947681963443756
-0.12982001155614853
-0.18301422894001007
-0.1641002520918846
-0.06827103719115257
-0.18197813630104065
-0.0968647375702858
-0.10407726466655731
-0.12064210698008537
-0.10942739993333817
-0.1573294848203659
-0.14096220955252647
-0.130714762955904
-0.11426879838109016
-0.15296213328838348
-0.045001935213804245
-0.1123187318444252
-0.057144876569509506
-0.0789022408425808
-0.08082668669521809
-0.037272071465849876
-0.14229777082800865
-0.11426931247115135
-0.10214278846979141
-0.045956206507980824
-0.09099123068153858
-0.13700298964977264
-0.05905102752149105
-0.08810027316212654
-0.11811169981956482
-0.08664142526686192
-0.07984929531812668
-0.09830353036522865
-0.10888751596212387
-0.07544562220573425
-0.06678497605025768
-0.1525484025478363
-0.13213204219937325
-0.14713752642273903
-0.20323310047388077
-0.1016075536608696
-0.12234801426529884
-0.15925392508506775
-0.11083243042230606
-0.13301076740026474
-0.14803427830338478
-0.11281124129891396
-0.19941852986812592
-0.11036844179034233
-0.19055988639593124
-0.1011621505022049
-0.16207274794578552
-0.07939069345593452
-0.1306682601571083
-0.19111673533916473
-0.15233953669667244
-0.20094258338212967
-0.20232515037059784
-0.0900316871702671
-0.1476649045944214
-0.2366533800959587
-0.22255325317382812
-0.2391875982284546
-0.21543891727924347
-0.22158361226320267
-0.25653912127017975
-0.24008537828922272
-0.18048059195280075
-0.18863003700971603
-0.2216353565454483
-0.1819855459034443
-0.23942291736602783
-0.23562347888946533
-0.20908621698617935
-0.18686004728078842
-0.26469044387340546
-0.2541215121746063
-0.2651926651597023
-0.2682751268148422
-0.2163049802184105
-0.30237796157598495
-0.187739297747612
-0.27677665650844574
-0.27521006762981415
-0.26560912281274796
-0.27284614741802216
-0.35145968198776245
-0.38721156120300293
-0.25635478645563126
-0.349078930914402
-0.3059062063694
-0.2840157598257065
-0.395634725689888
-0.3545299172401428
-0.36427706480026245
-0.37274497747421265
-0.3605085611343384
-0.38187262415885925
-0.3908826559782028
-0.40731489658355713
-0.507127046585083
-0.47231054306030273
-0.3444645032286644
-0.4441894590854645
-0.4133484363555908
-0.5289124846458435
-0.4828088879585266
-0.42973315715789795
-0.5651285201311111
-0.45138823986053467
-0.48566289246082306
-0.5106997042894363
-0.536695808172226
-0.4755214601755142
-0.5727113038301468
-0.508419468998909
-0.47205251455307007
-0.4951883554458618
-0.6257316917181015
-0.4290066808462143
-0.5982079356908798
-0.5561696738004684
-0.5143592208623886
-0.5559902787208557
-0.4884479194879532
-0.5463324934244156
-0.5211592465639114
-0.5641288161277771
-0.5462159514427185
-0.49257637560367584
-0.44244204461574554
-0.5362961143255234
-0.5923183411359787
-0.43936358392238617
-0.4650062620639801
-0.5060598403215408
-0.5205138623714447
-0.48509471118450165
-0.5129933059215546
-0.4730655401945114
-0.5847937613725662
-0.6213312149047852
-0.4197361171245575
-0.630523681640625
-0.49475647509098053
-0.516495868563652
-0.3665850833058357
-0.5569159537553787
-0.46805915236473083
-0.4099281281232834
-0.4291023015975952
-0.48562006652355194
-0.354779988527298
-0.5272942185401917
-0.375836580991745
-0.4188368618488312
-0.4319176822900772
-0.4107288122177124
-0.4282771646976471
-0.3805883377790451
-0.42877189815044403
-0.46814458072185516
-0.3807418495416641
-0.41309282183647156
-0.36737222224473953
-0.38959863781929016
-0.3998616635799408
-0.37563782930374146
-0.4918236583471298
-0.3354976549744606
-0.4589461237192154
-0.3795046806335449
-0.3934236913919449
-0.5029067695140839
-0.3563542887568474
-0.3729059547185898
-0.36126570403575897
-0.5376730263233185
-0.46838539838790894
-0.5379175990819931
-0.5362880676984787
-0.45525607466697693
-0.4815201759338379
-0.3894883096218109
-0.3818558603525162
-0.42788122594356537
-0.49515777826309204
-0.42388616502285004
-0.4524928629398346
-0.46382278203964233
-0.3675908222794533
-0.484461173415184
-0.3982287347316742
-0.3716457858681679
-0.41488972306251526
-0.5176394283771515
-0.38345830142498016
-0.3348439559340477
-0.4249383956193924
0.5642587691545486
0.6324650198221207
0.6406723111867905
0.5102333575487137
0.557794064283371
0.6876409202814102
0.6714707762002945
0.6476247757673264
0.6692835241556168
0.6140558570623398
0.6650954335927963
0.7458317577838898
0.7185354977846146
0.803816020488739
0.7486304193735123
0.8777987658977509
0.9090632200241089
0.9504503309726715
0.8850297331809998
0.8910035490989685
0.9912673830986023
0.9759612679481506
1.0477494299411774
1.0107716023921967
1.1130557656288147
1.0974723994731903
1.062854915857315
1.0676628649234772
1.1012416183948517
1.2338817715644836
1.1634079813957214
1.152922511100769
1.1518003642559052
1.10031196475029
1.0169897675514221
1.0238348543643951
0.944367527961731
0.9644567370414734
0.9424857795238495
0.9363281428813934
0.9491291642189026
0.941645622253418
0.776301383972168
0.8064445853233337
0.7765732705593109
0.8006004989147186
0.7135824859142303
0.6685626804828644
0.7010762393474579
0.5643761605024338
0.5404629707336426
0.6518492996692657
0.6767291128635406
0.511922612786293
0.7520990967750549
0.5623964667320251
0.6566222459077835
0.6063367277383804
0.7196647971868515
0.756902664899826
0.7585209310054779
0.9839675724506378
0.7865501046180725
0.8367418348789215
0.8678812086582184
0.891514241695404
0.8756970763206482
0.9966520965099335
1.206013262271881
1.0876972675323486
1.1319472789764404
1.0831250846385956
1.085942655801773
1.154374212026596
1.0299308001995087
1.1515962481498718
1.189925640821457
1.1608956456184387
1.1632115542888641
1.1640246212482452
1.2569583356380463
1.232441782951355
1.2200259268283844
1.0965431034564972
1.120230495929718
1.0133602023124695
1.0283821821212769
1.0603647530078888
0.8883643448352814
1.02564936876297
0.9205100834369659
0.9414333701133728
0.9733774065971375
1.0032314658164978
0.8595234453678131
0.8900787234306335
0.873687207698822
0.7287785857915878
0.6691300123929977
0.7065250128507614
0.7318128347396851
0.7921879291534424
0.69375841319561
0.7847537398338318
0.6801013201475143
0.5951819568872452
0.6501047909259796
0.6801266223192215
0.6499574035406113
0.7053367495536804
0.6821219623088837
0.7263669222593307
0.7080919593572617
0.710677832365036
0.725564494729042
0.9200461506843567
0.8239156007766724
0.8946376740932465
0.8959245979785919
0.9230049848556519
0.829088419675827
0.857440710067749
0.8354828953742981
0.9202006459236145
0.9755478501319885
0.9281172752380371
0.9415170550346375
1.0688497424125671
1.0714479982852936
1.054374486207962
1.0239293575286865
1.0223899483680725
1.0289574265480042
1.0212407112121582
1.0149347484111786
1.0784224569797516
0.9076152741909027
0.9271248579025269
0.903843104839325
0.8842928409576416
0.8907235264778137
1.0409283936023712
0.8257168829441071
0.9739295840263367
0.9186978936195374
1.0043317079544067
0.9790859520435333
0.9769447445869446
0.8523133993148804
0.954087495803833
0.8885259032249451
0.8289424180984497
0.9818757176399231
0.930534303188324
0.9043849110603333
0.8966057896614075
0.8966057896614075
0.8137683570384979
0.8641318380832672
0.8968029320240021
0.8239426016807556
0.8315100967884064
0.7786646783351898
0.7846376001834869
0.9319369196891785
0.937882661819458
0.9224657714366913
0.901606947183609
1.0094043016433716
0.9756767749786377
0.9731481671333313
0.9508261978626251
0.9636732637882233
0.9119752943515778
1.0062575340270996
1.0447928309440613
0.9591920971870422
0.9219116270542145
0.904155045747757
1.0717715620994568
1.1000937223434448
1.1041655838489532
1.0881906151771545
0.937732458114624
1.1672186851501465
1.0489935278892517
0.9886264801025391
1.0913566946983337
1.0516763627529144
1.0194417536258698
1.003748595714569
1.0306436419487
1.0489715337753296
0.9552961885929108
0.9760554134845734
0.9896585941314697
1.0661011040210724
0.9496153593063354
0.9778642952442169
0.9490598738193512
0.9080106317996979
0.9271058142185211
0.9210902452468872
0.9067442715167999
0.8267374634742737
0.7682911455631256
0.7308174222707748
0.8555682599544525
0.8103204667568207
0.9600850939750671
1.0080799162387848
0.9133309721946716
0.9203936755657196
0.8690086305141449
0.9352177977561951
0.8068398535251617
0.8421084880828857
0.8169193267822266
0.8122937679290771
0.8364936411380768
0.8593179881572723
0.8161555230617523
0.7278551459312439
0.8347059488296509
0.8511140942573547
0.8502608835697174
0.7649356126785278
0.8365089297294617
0.9082764387130737
0.8419100046157837
0.8536047041416168
0.8213982582092285
0.8299806118011475
0.7557489573955536
0.8459844589233398
0.7854036390781403
0.8745254874229431
0.8267747461795807
0.8001712560653687
0.8937065005302429
0.8682975769042969
0.8704180419445038
0.9221760928630829
0.9471828639507294
0.9461833834648132
1.1252688467502594
1.077791690826416
1.0906711220741272
1.1511096060276031
1.1382462680339813
1.1235211193561554
1.0343531370162964
1.2258634865283966
1.2544142603874207
1.1956821978092194
1.1322146952152252
1.084154337644577
1.1704099774360657
1.0885757803916931
1.041185438632965
1.0344408452510834
1.114914983510971
1.0463987588882446
1.1334018409252167
1.0956251621246338
0.9869534969329834
0.9794125556945801
0.9968694448471069
1.1235854923725128
1.0165362060070038
1.046647846698761
1.00949826836586
0.9359269738197327
1.07102170586586
1.084483802318573
1.0469993948936462
1.1065329015254974
1.0135650336742401
1.1447187066078186
1.184007078409195
0.9898727238178253
1.0375258326530457
0.9399043321609497
1.0926960110664368
0.9977090656757355
0.9265971779823303
0.9323525726795197
0.9223870038986206
0.916156142950058
0.9796262383460999
0.8987768590450287
0.9494242072105408
0.9061135053634644
0.9198249578475952
0.8451931178569794
0.8933257162570953
0.832088828086853
0.9326898157596588
0.7560626864433289
0.8220095336437225
0.8367257416248322
0.7940548360347748
0.8454549908638
0.851148784160614
0.795109212398529
0.8950083553791046
0.8376783728599548
0.754414290189743
0.8640268743038177
0.8059673309326172
0.8266299068927765
0.8170052468776703
0.7018310576677322
0.7258981168270111
0.7296707779169083
0.672739639878273
0.7075953930616379
0.6981810182332993
0.7469024956226349
0.708332821726799
0.7016263604164124
0.7305680215358734
0.7235182374715805
0.5842910259962082
0.7658447921276093
0.7687990665435791
0.7178226113319397
0.8254794180393219
0.8211430907249451
0.8309017717838287
0.8234473764896393
0.9088222682476044
0.9255942106246948
0.8038334548473358
0.9633859097957611
1.0440496802330017
0.9509915113449097
1.045196682214737
0.9951994121074677
0.9806455671787262
0.9864366352558136
0.9104992747306824
0.9105075895786285
1.0516460537910461
0.9908724725246429
1.0316311419010162
1.046617716550827
0.9835192859172821
0.9977059364318848
1.0324024558067322
1.0773544013500214
1.01219442486763
1.019541710615158
1.0477616786956787
0.9891240298748016
1.0752593278884888
1.0493227243423462
1.0758149027824402
1.0487489998340607
1.1066816747188568
0.997259795665741
0.9545964002609253
1.0604705214500427
1.1255468130111694
1.0879223048686981
1.0427594482898712
1.1537659764289856
1.2014238238334656
1.122671216726303
1.222613364458084
1.1852682530879974
1.168136179447174
1.1377681195735931
1.0629664957523346
1.1063450574874878
1.101689636707306
1.1997803449630737
1.2384543120861053
1.1596119403839111
1.2232005894184113
1.1187466084957123
1.0726706385612488
1.1733309924602509
1.171448975801468
1.1716662347316742
1.1286197304725647
1.0836507081985474
1.1044957637786865
1.1814794540405273
1.1929795145988464
1.143591821193695
1.0401191711425781
1.196920394897461
1.1399271190166473
1.059303492307663
1.0854121148586273
1.2097453773021698
1.1321511268615723
1.1601908504962921
1.085686594247818
1.2183997929096222
1.1304036676883698
1.185086578130722
1.1370935440063477
1.0998210310935974
1.0937760472297668
1.0286554992198944
0.9929870367050171
1.1424230933189392
1.0289475917816162
1.0539048314094543
1.0167420208454132
1.0476070046424866
1.0189694166183472
0.9925989210605621
0.9578064680099487
1.0511168539524078
0.910155326128006
0.9089732766151428
1.0252490937709808
1.0060818493366241
1.0118442177772522
0.9542227685451508
1.0527527332305908
1.0369491577148438
0.9665796160697937
0.9216019213199615
1.0389107465744019
0.9628855884075165
0.8931660354137421
0.8762604296207428
0.9278149008750916
1.0049614906311035
0.9647769033908844
0.9910765886306763
0.8944629728794098
0.9852048754692078
0.8443480432033539
1.0344496071338654
1.035192757844925
1.0614093840122223
0.9434882998466492
0.9926419258117676
1.021258682012558
1.0123362243175507
1.0280243754386902
0.9170340299606323
0.9020997583866119
0.9230335056781769
1.0034117996692657
0.9346693754196167
0.9286926984786987
0.9081682562828064
0.8847314715385437
0.8260734379291534
0.8991395831108093
0.913803219795227
0.972474217414856
0.8944065570831299
0.852910727262497
0.9353908002376556
0.8799718916416168
0.9561209678649902
0.8954831063747406
0.9605232775211334
0.8332076668739319
0.8298837840557098
0.8733679354190826
0.9190018773078918
0.8524430394172668
0.932942658662796
0.8929784595966339
0.8492302894592285
0.9600027501583099
0.9370697736740112
0.8832615315914154
0.987002044916153
0.9571259915828705
0.8950006663799286
0.7479681372642517
0.8913533091545105
0.906318336725235
0.8610056340694427
0.919912576675415
0.8397840857505798
0.9080977141857147
0.8723085522651672
0.9749133288860321
0.8526957035064697
0.8508616089820862
0.8867223858833313
0.8583167195320129
0.8649569749832153
0.8315196633338928
0.9057624936103821
0.9189478754997253
0.8924793899059296
0.9456131458282471
0.8844189047813416
0.8212904334068298
0.8201497793197632
0.9569854438304901
0.9647870063781738
0.8681217133998871
0.8219872713088989
0.9217705428600311
0.9868324398994446
0.8953076899051666
1.0330852568149567
0.8562931716442108
0.883975088596344
0.9089338481426239
0.9164604842662811
0.8047922551631927
0.9839749932289124
0.9199508428573608
0.8468010127544403
0.9322532415390015
0.896871417760849
0.879822850227356
0.8934242427349091
0.8220529854297638
0.9267217218875885
0.9433321058750153
1.0250351428985596
0.802275538444519
0.9311750829219818
0.8979147970676422
0.8640300035476685
0.8455128371715546
0.9357309937477112
0.9775132834911346
0.8613162338733673
0.8072256445884705
0.8614685833454132
0.8804329633712769
0.8485966622829437
0.9116271436214447
0.8625911772251129
0.9355916976928711
0.8458200395107269
1.0391567051410675
0.9049065113067627
0.932555615901947
0.8991741836071014
0.9256179928779602
1.0662386119365692
0.9078726768493652
0.8991128504276276
0.9933681786060333
1.0091735422611237
1.0203849077224731
1.0344700813293457
1.0781964361667633
1.081063449382782
1.0143519937992096
1.0641224384307861
1.0572930872440338
1.0466134250164032
1.152045875787735
1.127703309059143
1.080789864063263
1.041448563337326
1.154635727405548
1.1434565484523773
1.0090699195861816
1.171661764383316
1.1138971745967865
1.1999234855175018
1.037677824497223
0.9181365072727203
1.2206328213214874
1.0500852763652802
1.0123926401138306
1.0762436985969543
0.937964916229248
1.0917973816394806
1.0627976059913635
1.1118782758712769
1.1457641422748566
1.104331523180008
1.0875425934791565
1.131493091583252
1.0636626183986664
1.1655416786670685
1.1017512381076813
1.0837219655513763
1.0970233082771301
1.000515729188919
1.101583868265152
1.0517566502094269
1.132093369960785
1.1534400880336761
1.2161016762256622
1.0848491191864014
1.152150571346283
1.1635015904903412
1.0902684330940247
1.1777085363864899
1.2343931794166565
1.1596890985965729
1.1789677441120148
1.1817470490932465
1.277620106935501
1.261823058128357
1.2210149466991425
1.2031349837779999
1.2575263381004333
1.1790712773799896
1.2179724276065826
1.2129742205142975
1.2181262969970703
1.1428958773612976
1.1939262449741364
1.2274580597877502
1.280369907617569
1.2463899850845337
1.181815356016159
1.202349990606308
1.194666713476181
1.1449394524097443
1.127505898475647
1.1365286707878113
1.1237027049064636
1.143981546163559
1.1862900853157043
1.1466774344444275
1.1692244410514832
1.1007022261619568
1.085868626832962
1.1182532608509064
1.1260342597961426
1.110510528087616
1.1697729527950287
1.0956834554672241
1.1045099794864655
1.1736811101436615
1.202942669391632
1.1458879709243774
1.085990846157074
1.1124724745750427
1.128126472234726
1.1053585410118103
1.0136985182762146
1.1082350313663483
1.0980356633663177
1.0809912979602814
1.0422705709934235
1.131544589996338
1.0609664618968964
1.0750245451927185
1.0995545089244843
1.0511446595191956
1.0360448062419891
1.2083762884140015
1.1010212302207947
1.1720713376998901
1.0746826529502869
1.057784378528595
1.1621874868869781
1.0831418931484222
1.0774333477020264
1.1772328913211823
1.1337908506393433
1.1058977544307709
1.1180168688297272
1.1225548088550568
1.2529895603656769
1.221723049879074
1.1291492879390717
1.1584230959415436
1.1407768428325653
1.2603764533996582
1.261677861213684
1.2091370522975922
1.0566184222698212
1.2137306034564972
1.194457232952118
1.0926942229270935
1.1222653985023499
1.1712891161441803
1.1433877050876617
1.1608679294586182
1.1175289750099182
1.0560846626758575
1.098498523235321
1.1296695470809937
1.1269471049308777
1.2400709688663483
1.129780501127243
1.034746527671814
1.0221876204013824
1.0633519291877747
1.0031715631484985
1.0125418603420258
1.0768851041793823
1.0078065097332
1.1174902617931366
1.0923136174678802
1.051138311624527
1.0012096166610718
0.970000147819519
0.964629203081131
1.0165444314479828
1.0399158596992493
1.003357619047165
1.0827221274375916
0.9765504598617554
0.9711735248565674
1.045673668384552
1.0605925619602203
0.9937410950660706
0.961361825466156
1.0467751622200012
0.9183849692344666
1.0129205882549286
1.0140488147735596
0.983410120010376
0.9810396730899811
0.9774453341960907
0.9816604256629944
0.9528765678405762
1.046117216348648
0.9805365800857544
0.9788989126682281
0.9336208999156952
1.0750153362751007
0.9916744530200958
0.9741027653217316
0.9945878684520721
0.9537287950515747
1.0180623829364777
0.9823681712150574
0.9981708526611328
0.8397772908210754
0.994049459695816
0.9212565422058105
0.931535929441452
0.814348429441452
0.8533287942409515
0.8843151032924652
0.8801982700824738
0.9695439040660858
0.9644354581832886
0.8392840325832367
0.9707743227481842
0.7566056549549103
0.9314000308513641
0.8534695208072662
0.8499933779239655
1.0111817121505737
0.8468788862228394
0.8820708096027374
0.8343186378479004
0.9044014513492584
0.8836837112903595
0.8707452714443207
0.8588341176509857
0.7879590690135956
0.864556610584259
0.8466571569442749
0.8922068774700165
0.8883166909217834
0.7763250768184662
0.7754402160644531
0.7782011032104492
0.7166730165481567
0.8504010736942291
0.7733137607574463
0.8843064308166504
0.8895407617092133
0.8230417370796204
0.8081454634666443
0.8323144912719727
0.687133178114891
0.806256115436554
0.8241225779056549
0.7029470801353455
0.8045606911182404
0.7784288227558136
0.7360530942678452
0.8112480640411377
0.7778389155864716
0.8594243824481964
0.8567977845668793
0.7272569239139557
0.7454052418470383
0.7944202423095703
0.766300767660141
0.8063424825668335
0.7992636859416962
0.7415923476219177
0.770461231470108
0.7577479183673859
0.7960648834705353
0.7852710485458374
0.7587094902992249
0.680599182844162
0.7825449407100677
0.6984508037567139
0.7547332942485809
0.7738899886608124
0.7341864556074142
0.7873933911323547
0.7726697623729706
0.783563643693924
0.9146459698677063
0.7792811393737793
0.8924674093723297
0.7738456428050995
0.8007288873195648
0.8246946930885315
0.8559622764587402
0.7009598314762115
0.81414395570755
0.7685588300228119
0.770478218793869
0.9233662784099579
0.8150179982185364
0.9355241060256958
0.856110692024231
0.9166768491268158
0.7925830185413361
0.8116376996040344
0.8564680516719818
0.9091212451457977
0.8208133578300476
0.8765155971050262
0.8862675726413727
0.8377107381820679
0.9225194156169891
0.8786427676677704
0.9129602909088135
0.7975084483623505
0.9151778519153595
0.877903014421463
0.9145806133747101
0.933447003364563
0.9511838257312775
0.8103824257850647
0.8771949112415314
0.9104599356651306
0.8056757748126984
0.9138419330120087
0.868698924779892
0.8408330082893372
0.8806766867637634
0.851454108953476
0.6946109086275101
0.8996308743953705
0.8398097455501556
0.83999302983284
0.8758424520492554
0.9096254110336304
0.8625274300575256
0.7906790971755981
0.8535969257354736
0.8634210526943207
0.8916442394256592
0.7441790699958801
0.8764167129993439
0.8637644648551941
0.7948445677757263
0.8991493284702301
0.7577938735485077
0.8475340604782104
0.802822083234787
0.9130412042140961
0.7577077746391296
0.8283838033676147
0.834466964006424
0.8151260018348694
0.8082031309604645
0.8680872917175293
0.8430347442626953
0.8738621771335602
0.8673239350318909
0.8739867210388184
0.8758620321750641
0.9589357674121857
0.9273554384708405
0.9143249988555908
0.929305762052536
0.9008641541004181
0.8782997131347656
0.9356781542301178
0.9850595891475677
0.8597598373889923
0.883176863193512
0.8256116509437561
0.9241948127746582
0.9625293016433716
0.879643589258194
0.9058400988578796
0.9941187500953674
0.9445566236972809
1.002978891134262
0.9517259895801544
1.0140056312084198
0.958889365196228
1.0135214924812317
1.024035930633545
0.994417279958725
0.9658602476119995
1.0622149407863617
1.022464781999588
1.1236230432987213
1.0245957970619202
0.9947386980056763
1.0213665068149567
0.9649770855903625
0.9649770855903625
0.9358536601066589
1.047447681427002
1.0503213107585907
1.0093747973442078
0.9915888905525208
1.075893759727478
1.0649181604385376
1.089106410741806
1.0512882471084595
1.1837912499904633
1.0919644832611084
0.9809526801109314
1.0619987547397614
1.0723382234573364
1.1148094832897186
1.0291971266269684
1.135862410068512
1.0488653182983398
1.0825657546520233
1.054690182209015
1.0254718959331512
1.0959302186965942
1.1140649020671844
1.077517032623291
1.0848501920700073
1.0806305408477783
1.0640221238136292
1.0754851698875427
1.0470843315124512
1.2248799204826355
1.2136441469192505
1.119129091501236
1.2026830315589905
1.1336016654968262
1.0630234479904175
1.145231008529663
1.1702257096767426
1.0324847102165222
1.0746466219425201
0.966697633266449
1.1203071177005768
1.1942830681800842
1.188942790031433
1.1474584937095642
1.1250425577163696
1.0608629286289215
1.0714363753795624
1.1577609479427338
1.1399701237678528
1.0423895716667175
1.0298645496368408
1.0925112068653107
1.0229643881320953
1.0180626511573792
1.0171839594841003
1.1159893870353699
1.1015110909938812
1.1175865530967712
1.0759109258651733
1.2139142453670502
1.0961840450763702
1.2029874622821808
1.0849014222621918
1.0481024980545044
1.0657255947589874
1.053058236837387
1.0840558111667633
0.9768116176128387
1.1470330953598022
1.124548852443695
1.0369968116283417
1.0501429438591003
1.0703026056289673
0.99329674243927
1.0636639595031738
1.0197283923625946
1.0630163848400116
1.0569958090782166
1.025027096271515
1.0379558801651
1.1429645419120789
1.060571014881134
1.008346974849701
0.9732282757759094
1.1389622390270233
1.1441856622695923
0.9604385197162628
1.115783303976059
1.1193853318691254
1.0851048231124878
0.922215074300766
0.9905993342399597
1.0128915309906006
1.0489719808101654
1.0845765173435211
1.0979544818401337
1.1083334684371948
1.0007628500461578
1.0349657535552979
1.0533297657966614
0.9988511502742767
1.0445338189601898
1.075628399848938
1.1123283505439758
0.9948708415031433
1.0546179413795471
1.0839467346668243
1.0770529210567474
1.1235366761684418
1.0614681243896484
1.0740516185760498
1.0534069240093231
1.0684592127799988
1.0564053654670715
0.9946886301040649
1.0914636254310608
1.042429268360138
1.0945191979408264
1.097023755311966
1.129821538925171
1.1126452088356018
1.1047353744506836
1.0721667408943176
1.1235501766204834
1.0887088179588318
1.1658398509025574
1.0306304097175598
1.1209501326084137
1.129341959953308
1.054123967885971
1.1054687798023224
1.0671256184577942
1.03597292304039
1.1255144476890564
1.0876758992671967
1.1198956668376923
1.0662294030189514
1.1197044253349304
1.1125615239143372
1.2453577816486359
1.2021352350711823
1.2526049315929413
1.2549718022346497
1.1447738707065582
1.1445980966091156
1.183814138174057
1.229613482952118
1.2266368567943573
1.1180285811424255
1.25504931807518
1.20261749625206
1.162601351737976
1.2733690738677979
1.267013043165207
1.2251284718513489
1.1224708557128906
1.252335101366043
1.166953057050705
1.2193588614463806
1.2178955376148224
1.271120399236679
1.224719613790512
1.3267797231674194
1.2481462061405182
1.2045947313308716
1.1912451088428497
1.2428731620311737
1.205984652042389
1.198268562555313
1.2195265889167786
1.187669813632965
1.202275961637497
1.2895582616329193
1.2473586201667786
1.2175227999687195
1.3259361684322357
1.172535091638565
1.2181558012962341
1.227275311946869
1.2652865946292877
1.2704140841960907
1.2178038954734802
1.2670537233352661
1.3734074234962463
1.261016696691513
1.2703663408756256
1.169692486524582
1.2721807658672333
1.1971707344055176
1.2090403139591217
1.3358988761901855
1.253299355506897
1.1964816749095917
1.2992010712623596
1.1957224309444427
1.2449288964271545
1.3116396367549896
1.2643862664699554
1.2961316406726837
1.242290586233139
1.2377928793430328
1.2379959225654602
1.3628488183021545
1.2089524269104004
1.230036199092865
1.2159938514232635
1.1713554561138153
1.2531170547008514
1.223609447479248
1.2720192968845367
1.3529801666736603
1.2383835911750793
1.2288900911808014
1.3025450706481934
1.2422772645950317
1.323944091796875
1.271887332201004
1.2776418328285217
1.3489101827144623
1.3415077328681946
1.2824649810791016
1.1975734233856201
1.2569808661937714
1.167244166135788
1.2519977688789368
1.2280718386173248
1.2297572493553162
1.2808776497840881
1.3647200167179108
1.2048122584819794
1.2816629111766815
1.1867830753326416
1.15475794672966
1.1866974234580994
1.2213380634784698
1.2685342133045197
1.1197010278701782
1.2168358862400055
1.196860671043396
1.1344592571258545
1.2138632833957672
1.201470136642456
1.1405975818634033
1.1657070815563202
1.2357611954212189
1.1707843244075775
1.2461503744125366
1.2095532417297363
1.177134096622467
1.146912932395935
1.1936462223529816
1.2171204686164856
1.1913605332374573
1.1553972959518433
1.1721654832363129
1.243312507867813
1.1564718782901764
1.0987212359905243
1.0962800681591034
1.1228478848934174
1.0849982500076294
1.2194916307926178
1.1289047598838806
1.149534434080124
1.2175431847572327
1.140129178762436
1.1124379634857178
1.1221867203712463
1.1877358853816986
1.105297476053238
1.1380208730697632
1.1516174376010895
1.0936530232429504
1.0220423340797424
1.191846638917923
1.1040325462818146
1.035225123167038
1.1411487758159637
1.1426975727081299
1.0386518239974976
1.1452307403087616
1.0137788951396942
0.9830902218818665
1.0897257328033447
1.084716260433197
1.0895629227161407
1.1188790202140808
1.0950399935245514
1.1714192926883698
1.0984254777431488
1.1050999760627747
1.125884771347046
1.1451184451580048
1.0564143061637878
1.0923331081867218
1.1322298049926758
1.0626381039619446
1.0733149945735931
1.0104876458644867
1.1057100892066956
1.1155906319618225
1.1524946093559265
1.0582577884197235
1.0037932097911835
1.0996533036231995
1.082255333662033
1.1277086734771729
1.0592307150363922
1.087930977344513
1.0798561871051788
1.1206222772598267
1.0827208757400513
1.0443117320537567
1.1082408428192139
1.1331329941749573
1.0665949881076813
1.1119993329048157
1.0276966094970703
1.1398274302482605
1.1143457293510437
1.0377237796783447
1.0824702680110931
1.1510555148124695
1.03433758020401
0.9833521842956543
1.0546395778656006
1.1256861090660095
1.0726531147956848
1.0091720223426819
1.0316018164157867
1.1206198632717133
1.1436588764190674
1.0459679067134857
1.1432686150074005
1.0164597630500793
0.9383421242237091
0.9766441583633423
1.0407419800758362
1.1897478103637695
1.1467842757701874
1.0302611589431763
1.098626285791397
1.0538508296012878
1.0233845114707947
1.0998260378837585
1.022245466709137
1.0972667634487152
1.1425739228725433
1.0797955691814423
1.0870514810085297
1.0562069714069366
1.0331355929374695
1.037851095199585
1.0664700865745544
1.0238969922065735
1.0012050569057465
1.079268604516983
1.0771509110927582
1.0151378810405731
1.0799305737018585
1.0916066765785217
1.1084707975387573
1.1157480776309967
1.148436963558197
1.0415611267089844
1.114788293838501
1.0837764143943787
1.009837120771408
1.1037506461143494
1.0674567818641663
1.1018252670764923
1.1609720885753632
1.0547432899475098
1.1068415343761444
1.125616192817688
1.0304725170135498
1.1106652915477753
1.094936728477478
1.0994645655155182
1.0774431824684143
1.1374848783016205
1.059547483921051
1.0888921022415161
1.174120008945465
1.0882872641086578
1.0491836965084076
1.0566179752349854
1.1195653975009918
1.0865465998649597
1.090398520231247
1.1302757263183594
1.1044737696647644
1.0757144093513489
1.0135201513767242
1.1148907542228699
1.132117509841919
1.155827522277832
1.121394395828247
1.1107223331928253
1.1187324821949005
1.2269243896007538
1.1037322282791138
1.0559930205345154
1.1528658270835876
1.1764941215515137
1.0499528646469116
1.0722648203372955
1.0578204989433289
1.128452181816101
1.1219018697738647
1.0758571028709412
1.1093425154685974
1.1381928026676178
1.1353105902671814
1.1109228730201721
1.136167734861374
1.133983075618744
1.1326878368854523
1.1097722053527832
1.2013733088970184
1.0840486586093903
1.063442051410675
1.1893059611320496
1.0637460350990295
1.0655157566070557
0.9972179532051086
1.049067109823227
1.013016790151596
1.1004938185214996
1.1142140328884125
1.116525113582611
1.0486980378627777
1.1059023141860962
1.1506137549877167
1.0282016694545746
1.0958079099655151
1.1070519089698792
1.0442111492156982
1.1149097084999084
1.053845465183258
1.180006206035614
1.114366739988327
1.1253787279129028
1.1626496315002441
1.073645442724228
1.1536409854888916
1.1715890765190125
1.207450032234192
1.0840385556221008
1.0914194583892822
1.0662227869033813
1.0746105015277863
1.0569025576114655
1.1123724281787872
1.1033734381198883
1.125558078289032
1.062855452299118
0.9971170127391815
1.0442722141742706
1.078922688961029
0.9931677281856537
1.1539995968341827
1.1822760701179504
1.0849999487400055
1.0532735288143158
1.108587920665741
0.9504825174808502
1.1638281047344208
1.1263487935066223
1.1510041058063507
1.1385031342506409
1.128892332315445
1.1028165221214294
1.109967291355133
1.1714470088481903
1.0720960199832916
1.0976358354091644
1.0701617896556854
1.0628832578659058
1.1209423542022705
1.1048332750797272
1.1000375747680664
1.1757504343986511
1.1454422771930695
1.0476321280002594
1.1231512427330017
1.0241216719150543
1.1054414212703705
1.1093243658542633
1.11138117313385
1.105519026517868
1.1577132046222687
1.018381655216217
1.0596193671226501
1.1795560419559479
1.182755559682846
1.1051260828971863
1.0974087417125702
1.1529918909072876
1.1088573932647705
1.1644637882709503
1.13735631108284
1.1531002521514893
1.2401632368564606
1.080799788236618
1.1794818341732025
1.1521343886852264
1.111655831336975
1.0368935465812683
1.0644467175006866
1.0569358170032501
1.1426512598991394
1.2261083722114563
1.0816580057144165
1.2007160782814026
1.0535982549190521
1.1208919286727905
1.128835916519165
1.0182069540023804
1.1105140149593353
1.0146249532699585
1.0455714762210846
1.1651358604431152
1.0793396830558777
1.1329734027385712
0.9865413308143616
1.1656663119792938
1.0222023725509644
